1 1 -1.396354 
1 2 0.825868 
1 3 1.603646 
1 4 3.825868 
2 1 -0.943035 
2 2 1.279188 
2 3 1.603646 
2 4 3.825868 
3 1 -0.489715 
3 2 1.732507 
3 3 1.603646 
3 4 3.825868 
4 1 -0.035806 
4 2 2.186416 
4 3 1.603646 
4 4 3.825868 
5 1 0.417513 
5 2 2.639735 
5 3 1.603646 
5 4 3.825868 
6 1 0.870832 
6 2 3.093055 
6 3 1.603646 
6 4 3.825868 
7 1 1.323562 
7 2 3.545784 
7 3 1.603646 
7 4 3.825868 
8 1 1.777471 
8 2 3.999693 
8 3 1.603646 
8 4 3.825868 
9 1 2.230790 
9 2 4.453013 
9 3 1.603646 
9 4 3.825868 
10 1 2.684110 
10 2 4.906332 
10 3 1.603646 
10 4 3.825868 
11 1 3.137429 
11 2 5.359651 
11 3 1.603646 
11 4 3.825868 
12 1 3.590159 
12 2 5.812381 
12 3 1.603646 
12 4 3.825868 
13 1 4.044068 
13 2 6.266290 
13 3 1.603646 
13 4 3.825868 
14 1 4.497387 
14 2 6.719610 
14 3 1.603646 
14 4 3.825868 
15 1 4.950707 
15 2 7.172929 
15 3 1.603646 
15 4 3.825868 
16 1 5.404026 
16 2 7.626248 
16 3 1.603646 
16 4 3.825868 
17 1 5.857345 
17 2 8.079568 
17 3 1.603646 
17 4 3.825868 
18 1 6.310665 
18 2 8.532887 
18 3 1.603646 
18 4 3.825868 
19 1 6.763984 
19 2 8.986206 
19 3 1.603646 
19 4 3.825868 
20 1 7.217304 
20 2 9.439526 
20 3 1.603646 
20 4 3.825868 
21 1 7.670623 
21 2 9.892845 
21 3 1.603646 
21 4 3.825868 
22 1 8.123942 
22 2 10.346164 
22 3 1.603646 
22 4 3.825868 
23 1 8.577262 
23 2 10.799484 
23 3 1.603646 
23 4 3.825868 
24 1 9.030581 
24 2 11.252803 
24 3 1.603646 
24 4 3.825868 
25 1 9.483900 
25 2 11.706123 
25 3 1.603646 
25 4 3.825868 
26 1 9.937809 
26 2 12.160031 
26 3 1.603646 
26 4 3.825868 
27 1 10.390539 
27 2 12.612761 
27 3 1.603646 
27 4 3.825868 
28 1 10.843858 
28 2 13.066081 
28 3 1.603646 
28 4 3.825868 
29 1 11.297178 
29 2 13.519400 
29 3 1.603646 
29 4 3.825868 
30 1 11.750497 
30 2 13.972719 
30 3 1.603646 
30 4 3.825868 
31 1 12.204406 
31 2 14.426628 
31 3 1.603646 
31 4 3.825868 
32 1 12.657725 
32 2 14.879948 
32 3 1.603646 
32 4 3.825868 
33 1 13.110455 
33 2 15.332677 
33 3 1.603646 
33 4 3.825868 
34 1 13.563775 
34 2 15.785997 
34 3 1.603646 
34 4 3.825868 
35 1 14.017683 
35 2 16.239906 
35 3 1.603646 
35 4 3.825868 
36 1 14.471003 
36 2 16.693225 
36 3 1.603646 
36 4 3.825868 
37 1 14.924322 
37 2 17.146544 
37 3 1.603646 
37 4 3.825868 
38 1 15.377052 
38 2 17.599274 
38 3 1.603646 
38 4 3.825868 
39 1 15.830371 
39 2 18.052594 
39 3 1.603646 
39 4 3.825868 
40 1 16.284280 
40 2 18.506503 
40 3 1.603646 
40 4 3.825868 
41 1 16.737600 
41 2 18.959822 
41 3 1.603646 
41 4 3.825868 
42 1 17.190919 
42 2 19.413141 
42 3 1.603646 
42 4 3.825868 
43 1 17.643649 
43 2 19.865871 
43 3 1.603646 
43 4 3.825868 
44 1 18.097558 
44 2 20.319780 
44 3 1.603646 
44 4 3.825868 
45 1 18.550877 
45 2 20.773099 
45 3 1.603646 
45 4 3.825868 
46 1 19.004196 
46 2 21.226419 
46 3 1.603646 
46 4 3.825868 
47 1 19.457516 
47 2 21.679738 
47 3 1.603646 
47 4 3.825868 
48 1 19.910246 
48 2 22.132468 
48 3 1.603646 
48 4 3.825868 
49 1 20.364155 
49 2 22.586377 
49 3 1.603646 
49 4 3.825868 
50 1 20.817474 
50 2 23.039696 
50 3 1.603646 
50 4 3.825868 
51 1 21.270793 
51 2 23.493016 
51 3 1.603646 
51 4 3.825868 
52 1 21.724113 
52 2 23.946335 
52 3 1.603646 
52 4 3.825868 
53 1 22.177432 
53 2 24.399654 
53 3 1.603646 
53 4 3.825868 
54 1 22.186307 
54 2 25.297418 
54 3 0.705882 
54 4 3.816993 
55 1 22.195182 
55 2 26.195182 
55 3 -0.191882 
55 4 3.808118 
56 1 22.648501 
56 2 26.648501 
56 3 -0.645201 
56 4 3.354799 
57 1 23.324043 
57 2 26.879598 
57 3 -0.876298 
57 4 2.679258 
58 1 24.222396 
58 2 26.889063 
58 3 -0.885762 
58 4 1.780904 
59 1 24.675126 
59 2 27.341793 
59 3 -0.975955 
59 4 1.690712 
60 1 25.128445 
60 2 27.795112 
60 3 -0.975955 
60 4 1.690712 
61 1 25.581765 
61 2 28.248431 
61 3 -0.975955 
61 4 1.690712 
62 1 26.035084 
62 2 28.701751 
62 3 -0.975955 
62 4 1.690712 
63 1 26.488993 
63 2 29.155660 
63 3 -0.975955 
63 4 1.690712 
64 1 26.941723 
64 2 29.608389 
64 3 -0.975955 
64 4 1.690712 
65 1 27.395042 
65 2 30.061709 
65 3 -0.975955 
65 4 1.690712 
66 1 27.848362 
66 2 30.515028 
66 3 -0.975955 
66 4 1.690712 
67 1 28.302270 
67 2 30.968937 
67 3 -0.975955 
67 4 1.690712 
68 1 28.755590 
68 2 31.422256 
68 3 -0.975955 
68 4 1.690712 
69 1 29.208320 
69 2 31.874986 
69 3 -0.975955 
69 4 1.690712 
70 1 29.661639 
70 2 32.328306 
70 3 -0.975955 
70 4 1.690712 
71 1 30.114958 
71 2 32.781625 
71 3 -0.975955 
71 4 1.690712 
72 1 30.568867 
72 2 33.235534 
72 3 -0.975955 
72 4 1.690712 
73 1 31.022187 
73 2 33.688853 
73 3 -0.975955 
73 4 1.690712 
74 1 31.474916 
74 2 34.141583 
74 3 -0.885762 
74 4 1.780904 
75 1 31.483791 
75 2 35.039347 
75 3 -0.876888 
75 4 2.678668 
76 1 31.715478 
76 2 35.715478 
76 3 -0.645201 
76 4 3.354799 
77 1 32.168797 
77 2 36.168797 
77 3 -0.191882 
77 4 3.808118 
78 1 33.066561 
78 2 36.177672 
78 3 0.705882 
78 4 3.816993 
79 1 33.964325 
79 2 36.186547 
79 3 1.603646 
79 4 3.825868 
80 1 34.417055 
80 2 36.639277 
80 3 1.603646 
80 4 3.825868 
81 1 34.870964 
81 2 37.093186 
81 3 1.603646 
81 4 3.825868 
82 1 35.324283 
82 2 37.546505 
82 3 1.603646 
82 4 3.825868 
83 1 35.777602 
83 2 37.999825 
83 3 1.603646 
83 4 3.825868 
84 1 36.230922 
84 2 38.453144 
84 3 1.603646 
84 4 3.825868 
85 1 36.684241 
85 2 38.906463 
85 3 1.603646 
85 4 3.825868 
86 1 37.137561 
86 2 39.359783 
86 3 1.603646 
86 4 3.825868 
87 1 37.590880 
87 2 39.813102 
87 3 1.603646 
87 4 3.825868 
88 1 38.044199 
88 2 40.266422 
88 3 1.603646 
88 4 3.825868 
89 1 38.497519 
89 2 40.719741 
89 3 1.603646 
89 4 3.825868 
90 1 38.950838 
90 2 41.173060 
90 3 1.603646 
90 4 3.825868 
91 1 39.404157 
91 2 41.626380 
91 3 1.603646 
91 4 3.825868 
92 1 39.857477 
92 2 42.079699 
92 3 1.603646 
92 4 3.825868 
93 1 40.310796 
93 2 42.533018 
93 3 1.603646 
93 4 3.825868 
94 1 40.764705 
94 2 42.986927 
94 3 1.603646 
94 4 3.825868 
95 1 41.217435 
95 2 43.439657 
95 3 1.603646 
95 4 3.825868 
96 1 41.670754 
96 2 43.892976 
96 3 1.603646 
96 4 3.825868 
97 1 42.124074 
97 2 44.346296 
97 3 1.603646 
97 4 3.825868 
98 1 42.577393 
98 2 44.799615 
98 3 1.603646 
98 4 3.825868 
99 1 43.031302 
99 2 45.253524 
99 3 1.603646 
99 4 3.825868 
100 1 43.484032 
100 2 45.706254 
100 3 1.603646 
100 4 3.825868 
101 1 43.937351 
101 2 46.159573 
101 3 1.603646 
101 4 3.825868 
102 1 44.390670 
102 2 46.612893 
102 3 1.603646 
102 4 3.825868 
103 1 44.844579 
103 2 47.066801 
103 3 1.603646 
103 4 3.825868 
104 1 45.297899 
104 2 47.520121 
104 3 1.603646 
104 4 3.825868 
105 1 45.751218 
105 2 47.973440 
105 3 1.603646 
105 4 3.825868 
